Vector Kr :
49
225
193
89
1
181
54
159
63
193
34
184
52
187
83
253
120
123
153
81
72
61
20
68
167
236
173
69
255
233
124
4
103
128
172
30
208
190
62
103
153
72
18
175
215
107
5
148
214
15
111
151
164
117
140
212
11
191
8
92
151
219
41
171
255
241
208
90
79
50
174
43
79
32
79
163
238
169
223
213
102
102
87
149
128
239
221
195
159
158
46
120
85
116
168
79
84
21
187
79
31
124
186
57
82
20
194
166
79
61
44
193
69
117
210
131
58
145
254
109
192
95
104
249
156
61
163
122
17
189
76
67
109
201
190
40
151
54
227
189
130
192
28
23
168
115
81
241
171
14
164
52
232
118
13
131
72
0
70
117
228
57
66
50
113
102
75
43
189
182
90
101
2
105
226
142
216
211
47
61
41
203
152
115
142
205
8
234
163
112
255
146
218
139
68
208
31
153
116
98
90
121
164
146
173
166
184
16
84
96
212
111
16
75
178
248
96
19
229
171
157
208
138
16
71
199
14
251
163
199
50
89
94
201
79
47
136
79
86
191
83
175
90
108
93
206
198
117
65
156
217
219
75
187
1
242
Vector Kc :
46
209
171
102
202
65
240
211
115
143
158
250
156
1
196
47
26
53
226
221
145
238
40
194
65
0
246
124
53
120
253
68
114
217
188
254
118
112
192
77
66
148
73
105
85
239
252
107
110
74
128
39
166
166
27
180
146
66
146
202
191
255
5
198
157
214
235
215
150
80
52
144
224
142
43
35
232
192
48
24
137
208
98
57
244
196
23
85
78
60
34
206
223
44
19
234
77
179
44
244
26
242
105
109
24
143
66
166
47
159
225
124
125
7
31
140
4
251
38
170
82
202
236
57
237
210
100
150
210
134
159
116
221
182
68
192
196
98
190
121
92
81
204
75
121
67
190
3
206
94
244
1
59
103
56
74
227
51
56
145
3
154
36
123
153
63
109
179
31
111
234
204
203
220
132
171
152
181
174
154
91
138
47
116
39
124
157
112
45
11
177
140
141
32
182
77
248
138
11
242
10
12
219
225
60
68
225
151
254
74
187
134
35
72
196
221
120
217
72
185
163
253
194
175
190
216
226
222
235
203
182
47
148
243
93
68
198
42
229
37
11
231
214
130
17
112
138
7
103
21
140
144
6
234
50
169
ITER_MAX :
3
